we can use only 4 slot

0000
0000
0000
0000

0000
0000
0000
0000



0
0
 0
 0

0  
  0
0
 0 

  0

 0

 0
0  
  0
0  0


0  0

 
  0
 0 
0
 0 

  0

 0

 0

0  0


0  0

 
  0
 0 
  
 0

  0

  0
 0
0  0


0  0

 
  0
 0 

  0
 0 
  0
 0

  0
 0 
0  0


0  0

 
  0
 0 
  0
 0


  0
 0

 00

 00
 00
 00
  0
 0 
  0
 0

 00

0  0

  0
  0
 0 
  0
 0
 00

 00

0  

0  

 00

0  0

0  0

 00
 00
 00

0000
0000
0000
0000



  0
 0
 00

0  0

0  0

0  0

 00
 00
 00
 00


0
 0
  0
   0

0000
  0
 0 
  0
 0
 00

0  0

0  0

0  0

 00
 00
 00
 00
0000

0000

   0
  0
 0
0
  0
 0 
  0
 0
 00

0  0

0  0

0  0

 00
 00
 00
 00

0

  0
 0 
  0
 0
 00

0  0

0  0

0  0

 00
 00
 00
 00

 
  0
   0

0000

0000

0000

   0
  0
 0
0

0
00
000

0


0



0


0  0
0  0


0

 0


   0
  0
 0
0

0

0
0

 0
 0

 0 0

 0 0

0 0

0 0

 0 0

 0 0


0



0



0

 0

00

  0

0 0

 00

   0

0  0

 0 0

00 0

  00

0 00

 000

0000

0000

0000

0

0
 0
  0
   0


 0

 0

 0

 0


0
 0
 0
0

0
 0
 0
0

0

0

  0

  0

0

0

   0
  0
  0
   0

   0
  0
  0
   0

0  0

   0
  0
 0
0

0

0

0
 0
  0
   0


 0

 0

 0

 0

   0
  0
 0
0


0


0



0
0

 0
 0

 0 0

 0 0

0 0

0 0

 0 0

 0 0


0
0

 0
 0

 0 0

 0 0

0 0

0 0

 0 0

 0 0
 0 0

 0 0